37807676797
37807676787
29261503934
29261503954
29261503984
29261503934
4336988455
2748519701
75530910220
3244313094
73180750120
43321046091
48828203153
6127043433
1543066143
4336988455
2590303173
5185042125
2742007164
7607729402
53539664572
615665357
9956979813
25041676879
16763376790
5723745697
8316248921
2108554017
34345880866
47865522835
34693984884
2105603980
97879614249
10799866857
9119520719
12947217713
4168067670
9660568924
8313559993
68520611249
1591790336
6643229561
3225669750
70433127600
9552285909
6462712104
89792424172
70075531410
35886237879
35498474830
56340338564
7923166730
22389579876
16734038831
13891875860
13503078746
3600013432
9238734909
35397605808
102870780
37700081115
37506496852
4460500086
11627941606
13367573450
12083452496
29993924865
4911736526
13713919712
6319279133
5004204080
14647525759
48327008803
49283146115
30125678878
37615853818
28967630854
33036099859
5635458602
5646956536
50355237806
51060518864
14548608710
2339141109
36381336803
54414422809
57325910100
5994380709
58957499253
60174125313
2698509104
6094202163
6188563585
11657873692
11751595811
12066307793
13741678600
330877178
13485030686
6610505640
15015110685
2731581395
2759084299
7007449913
2856403727
14312926717
15072357805
9290072636
2884027580
9488110805
2891478169
15829768720
16152943760
60796150370
60934751072
3053624109
7154274905
8541044610
3084947171
61065188234
22662215828
3163939406
43294431805
62979523534
43771765870
16550843804
3166241019
7565975524
10151440719
16576539606
65270398168
3192506954
3264086905
65634888204
3280905575
3302986076
3308345927
9541081169
38427856822
736665560
66587760163
39029518855
12544304740
39368643814
8409216671
27690871852
11545019819
1235899918
3322301397
37960058881
41395511861
27224055898
70695106244
49468328821
5586970708
68091125291
3394178117
4578658651
2303149533
10366720775
38382014852
93107749249
2639091581
34156079848
899599060
3399000405
949818178
8096381776
33904226843
13929728761
3973337225
3526546002
32783202808
3410936963
2922359093
15512761781
5249544371
10636834409
1087298180
70724584170
1960749080
44346533850
52303169852
3423241012
70030629179
8142111780
38008729864
5861042918
26042655833
39722589253
21408900866
1128551306
3446882596
16139379709
19169946876
30066579856
8179947696
25831163806
3523580170
1172622930
32363894863
3409512063
3572842166
3003709704
20055827881
20610409859
3578152382
41261427890
91284694968
97187135068
42438572884
22824965827
70175434670
3699772624
3766288989
33573622879
3229617347
3781558304
28883486838
33193536830
3830290667
33126072801
1722572043
3854075480
1191696146
72992166120
12228679666
11366450981
98529080068
50318854830
34253037836
45577976871
3845857447
33057824803
3875400089
74076086287
1459389646
1862341630
3925576908
75282992191
1493770535
3958034977
3999771631
53324400813
4011912573
25123895884
34539765841
10733229638
11434849759
8069694904
5424529526
28209368818
4028646979
91177103591
3285541970
4076411145
22770254880
3633374159
4119181685
1934620360
18243146806
71840276126
4240513979
4261960079
5704123902
4263265637
54105594877
40425074846
35377463854
2267151324
1621434354
13640738705
22366548800
1353011577
49059591879
2322121550
4319948971
2405473909
4405924961
4647037002
306308002
2660883173
4756060609
13918585735
39955003820
78359570949
50719966850
9206440403
80692982604
30859008886
5307560133
86246498540
29215541861
44206698880
86399724511
88350789115
33628300215
91516358600
8824643701
27451271870
10672330911
26873235865
49468328821
7207497946
70913641987
24069291830
28209368818
6343381619
22643432819
5193156770
22662215828
1771932988
22574125835
52931622842
35092325852
36495175825
4452295002
32743784881
22117321860
837115388
44801919847
12770786709
10906777828
28484869881
28484869881
17783710867
28366478840
2968260065
4159387160
9762482980
5865016733
90675312
9193982941
31200285840
70163568685
33802904087
11232612618
9234084608
46297832889
2226027165
22318872740
2354395922
28922136812
14106899809
22871505870
4159387160
8123599927
5264925623
11565513908
3760143008
7279651402
9119520719
837115388
50318854830
13873757680
89005953934
32502448808
12427999660
47989389800
9762482980
7941533995
18756015895
52904686843
9849932902
9771326767
1591790336
5479756788
587408138
9330456979
2275159002
5647358179
413957004
8861093370
1710030046
9520930736
590047116
11540324427
4671094940
40739968866
22366548800
12197747746
12309286770
68127189200
3623587702
44428395817
1215294956
5865016733
4193494306
5424529526
3772298141
16470804799
12427999660
38885285856
1963050045
4313955194
3570956938
7635678922
3229617347
25815345830
7617820100
32997488826
2323372335
7443923651
28210567888
13623965758
10843826606
44436938824
8069694904
7213838903
10080209823
34104669830
3760143008
34486456807
35496545889
6011029752
38153052845
88215067387
14123323898
8708481784
11405461713
89258428153
48596610871
38753129881
769245722
47134361861
39710944819
43780159864
54424976220
4750664057
22040271899
2547726173
5694592735
41456345869
5063674950
6332771500
38846966880
2157177248
7118085979
39368643814
3503494014
34281476857
92868711200
11645043711
27778606
28032287850
49745809810
6252070920
8335469105
13254008901
12767076739
11366450981
11232612618
6256268180
12495359647
2259058175
6588291655
32209494877
1236779630
26950234805
3997188696
38049380866
5980395628
43168945870
8121374693
5607342204
25189848876
38567963800
2571898078
70748861068
41936232898
26574525829
29594530855
451642074
44229866860
41064957838
2095763912
8083596906
94395012191
2314871006
11369404999
45328651820
91747821268
11743292970
11648719600
33090131897
4428375697
10260651605
10272797839
9220901730
86041131504
50442103824
7354684945
95496076900
70083718290
4471173006
32883483817
61971146315
5989851669
70239489101
28309591837
7101745601
26842029821
13039638769
3578152382
10032498764
29568916857
6243305830
41597612839
38314123838
9359632783
1424808510
536389993
6508094327
5778314108
1423823109
53836099896
3678104924
5774577643
4817260556
22423074875
7588639776
11251996604
88593576753
2513182146
692449019
22279289806
81495455149
8004395627
3990148451
26985073816
3293056970
9607660900
2762296650
13619214719
74956302215
4820611976
9888316605
10153908629
16864229890
88436551249
39446645824
2252426306
37642135823
4272914960
8102852909
11374961698
56352131034
626367905
11391234910
11773647601
13462589610
22386470822
43424371807
22282253809
4310120083
9702901529
21682105865
41535491850
43771765870
21398290858
4291462301
47177043802
4046713224
15929651728
3958077358
27860018896
1325373036
7728635980
12716629900
39126622823
8165302388
42088361804
3933782414
38768699867
12246858739
11907310703
37946582803
11761405900
91677963034
37592098822
11359419632
37233520810
56502672272
10886526973
10769443702
10319835626
63596040
3498813242
10208312781
35042999833
10196582903
9990096643
9940504969
3464904482
9909248743
3383365670
34671869802
3189977976
34268147810
33927446890
9162987607
33615496809
33035694877
8849571879
32921429896
29041752889
27216074807
32475937807
2837786284
2709037394
8156548710
31132379806
30537672877
29637901809
48382547842
27646270504
2679482042
26848550809
26634194866
2839592070
22625457821
7296272686
13488006409
11557177830
98870513068
2219313760
2063729573
1881984907
1875504680
1784476099
6769883937
7569528913
6356445173
1604500638
6221788145
6038329978
6025346909
6008547608
5202586906
4961604437
4865288988
97368202204
1014233909
4455006036
94803382204
4405182612
825155576
94789223272
93367970182
558029582
546110088
91979820910
88847535115
88428443734
86538748953
7147388917
85999223512
83982280168
82503133053
11648719600
79599591534
78210160397
76488349449
73551341400
71609571053
70549982272
70523776241
93743645068
70221843647
70005668174
69137021249
68422814234
2679482042
65670337387
64641503915
63153750220
93692315015
7052435675
75241854215
7560092942
95215972168
74076086287
32251313850
13462589610
534164064
36319995858
30294669817
72992166120
9022363180
3676298527
779955030