37807676787
29261503934
75530910220
73180750120
43321046091
48828203153
53539664572
25041676879
16763376790
34345880866
47865522835
34693984884
97879614249
10799866857
12947217713
68520611249
70433127600
89792424172
70075531410
35886237879
35498474830
22389579876
16734038831
13891875860
13503078746
35397605808
37700081115
37506496852
11627941606
13367573450
12083452496
29993924865
13713919712
14647525759
48327008803
49283146115
30125678878
37615853818
33036099859
50355237806
51060518864
14548608710
36381336803
54414422809
57325910100
58957499253
60174125313
11657873692
11751595811
12066307793
13741678600
13485030686
15015110685
15072357805
15829768720
16152943760
60796150370
60934751072
61065188234
22662215828
43294431805
62979523534
43771765870
16550843804
10151440719
16576539606
65270398168
65634888204
38427856822
66587760163
39029518855
12544304740
39368643814
27690871852
11545019819
37960058881
41395511861
70695106244
49468328821
68091125291
10366720775
38382014852
93107749249
34156079848
33904226843
13929728761
32783202808
15512761781
10636834409
70724584170
44346533850
52303169852
70030629179
38008729864
26042655833
39722589253
21408900866
16139379709
19169946876
30066579856
25831163806
32363894863
20610409859
41261427890
91284694968
97187135068
42438572884
22824965827
70175434670
33573622879
28883486838
33193536830
33126072801
72992166120
12228679666
11366450981
98529080068
50318854830
34253037836
45577976871
33057824803
74076086287
75282992191
53324400813
25123895884
34539765841
10733229638
11434849759
28209368818
91177103591
22770254880
18243146806
71840276126
54105594877
40425074846
35377463854
13640738705
22366548800
49059591879
13918585735
39955003820
78359570949
50719966850
80692982604
30859008886
86246498540
29215541861
44206698880
86399724511
88350789115
33628300215
91516358600
27451271870
10672330911
26873235865
70913641987
24069291830
22643432819
22574125835
52931622842
35092325852
36495175825
32743784881
22117321860
44801919847
12770786709
10906777828
28484869881
17783710867
28366478840
31200285840
70163568685
33802904087
11232612618
46297832889
22318872740
28922136812
14106899809
22871505870
11565513908
13873757680
89005953934
32502448808
12427999660
47989389800
18756015895
52904686843
11540324427
40739968866
12197747746
12309286770
68127189200
44428395817
16470804799
38885285856
25815345830
32997488826
28210567888
13623965758
10843826606
44436938824
10080209823
34104669830
34486456807
35496545889
38153052845
88215067387
14123323898
11405461713
89258428153
48596610871
38753129881
47134361861
39710944819
43780159864
54424976220
22040271899
41456345869
38846966880
34281476857
92868711200
11645043711
28032287850
49745809810
13254008901
12767076739
12495359647
32209494877
26950234805
38049380866
43168945870
25189848876
38567963800
70748861068
41936232898
26574525829
29594530855
44229866860
41064957838
94395012191
11369404999
45328651820
91747821268
11743292970
11648719600
33090131897
10260651605
10272797839
86041131504
50442103824
95496076900
70083718290
32883483817
61971146315
70239489101
28309591837
26842029821
13039638769
10032498764
29568916857
41597612839
38314123838
53836099896
22423074875
11251996604
88593576753
22279289806
81495455149
26985073816
13619214719
74956302215
10153908629
16864229890
88436551249
39446645824
37642135823
11374961698
56352131034
11391234910
11773647601
13462589610
22386470822
43424371807
22282253809
21682105865
41535491850
21398290858
47177043802
15929651728
27860018896
12716629900
39126622823
42088361804
38768699867
12246858739
11907310703
37946582803
11761405900
91677963034
37592098822
11359419632
37233520810
56502672272
10886526973
10769443702
10319835626
10208312781
35042999833
10196582903
34671869802
34268147810
33927446890
33615496809
33035694877
32921429896
29041752889
27216074807
32475937807
31132379806
30537672877
29637901809
48382547842
27646270504
26848550809
26634194866
22625457821
13488006409
11557177830
98870513068
97368202204
94803382204
94789223272
93367970182
91979820910
88847535115
88428443734
86538748953
85999223512
83982280168
82503133053
79599591534
78210160397
76488349449
73551341400
71609571053
70549982272
70523776241
93743645068
70221843647
70005668174
69137021249
68422814234
65670337387
64641503915
63153750220
93692315015
75241854215
95215972168
32251313850
36319995858
30294669817
